
0
0
1
1
2
2
3
3
4
5
8
9
9
10
10
11
11
14
14
0
18
18
19
19
20
20
21
21
22
22
23
23
26
27
27
28
28
29
29
30
30
31
31
34
34
35
35
36
36
37
40
40
41
41
42
42
47
47
48
49
54
54
57
57
58
58
0
0
0
0
0
0
0
0
0
0
0
0
0
0
0
0
0
0
0
0
0
0
0
0
0
0
1
0
1
0
0
0
0
0
0
0
0
0
0
0
0
0
0
0
0
0
0
0
0
0
0
0
0
0
0
0
0
0
0
0
0
0
0
0
0
0
0
0
0
0
0
0
0
0
0
0
0
0
0
0
0
0
0
0
0
0
0
0
0
0
0
0
0
0
0
61
61
0
0
0
0
0
0
0
0
0
0
0
0
0
0
0
0
0
0
0
0
0
0
0
0
0
0
0
0
0
0
0
0
0
0
0
0
0
0
0
0
0
66
66
67
67
68
68
71
71
72
72
73
73
74
74
79
79
84
84
0
0
0
0
0
0